331872
331541
332237
332597
332549
331727
332670
332645
332063
331377
331831
332127
332513
333199
331815
333101
332659
332093
332505
332278
332496
332013
332981
331373
332262
332055
331900
332220
332354
331663
332586
331238
331719
332058
332422
333056
332849
332696
332118
331995
331944
331770
332170
332017
333563
332489
332745
332766
331962
332575
332469
331506
332568
331912
333231
331987
332853
332339
332199
332066
332042
331959
333480
331360
332270
332855
331670
332781
331645
333327
332499
332214
332077
331813
332008
332009
332108
332078
332351
332705
333387
332850
332562
331712
332325
332735
331982
331412
332611
333063
331486
332809
331500
332824
332235
332520
331716
332669
331920
331550
331846
331867
332428
332990
331811
332104
332534
332454
331264
332335
333049
331691
332199
332894
332154
331544
332714
331731
332010
333094
332745
331672
332684
332593
333626
331545
331710
332728
332406
332707
331030
331707
332904
332603
332350
331592
332326
332507
331563
331551
333448
331625
332071
331678
332543
332056
332195
331900
332781
332095
332549
331935
332259
332065
331697
331384
333703
332064
331940
331885
332996
333303
332645
330891
331599
332377
332510
332488
332510
332603
331965
331809
332254
332254
332034
333341
331799
332064
333038
331504
332923
332276
332065
332296
331527
331745
332634
331014
332979
332300
332366
332990
331139
331829
332334
331301
332165
331358
331739
332771
332264
331798
332677
332173
332694
332040
333093
331305
332812
333034
331686
331539
331927
331709
331226
332576
331232
331990
332643
331563
332856
332391
333035
331387
332599
333001
332072
331918
332921
331730
332050
332075
332249
332677
332280
332042
333013
332137
331304
332464
332088
332358
331952
332601
332279
332338
331234
332257
331850
332638
332025
333384
331001
333314
332314
332357
331943
331779
332077
333216
332976
331733
331509
331661
331289
332997
331972
332013
332080
331935
333337
332264
332475
331042
333095
332566
332908
333000
332708
331558
332370
331711
332646
332918
331719
331541
330856
332113
330635
331548
331616
332434
333216
332944
331865
332705
331927
332145
332550
331556
